# Plot Type : plot_data 
# 
# X-axis    : \frEnergy (keV) 
# Y-Axis    : \frCounts s\u-1\d keV\u-1\d 
# Residual  : NONE 
# 
# Index-   1,  Model Plotted-       no,  Data File: med4.ds/part=0/order=0,   Scale: 1.0000e+00 
# 
# Background included in data and model-    no 
# 
# XAXIS_COLS   :   1 set  (X 2 columns - bin_lo, bin_hi)
# DATA_COLS    :   1 set  (X 2 columns - Data, Error)
# 
#         X_LO          X_HI    DATA_VALUE    DATA_ERROR
0.3199999928474426  0.36000001430511475  4.879533432932592e-05  0.0009632302128184662
0.36000001430511475  0.4000000059604645  -0.00035183903088299316  0.000663849497840298
0.4000000059604645  0.4399999976158142           0.0  0.0006401159893875834
0.4399999976158142  0.47999998927116394           0.0  0.0006401159893875834
0.47999998927116394  0.5199999809265137  0.0002882769585045902  0.000663849497840298
0.5199999809265137  0.5600000023841858  0.0002882767437216341  0.0006638490032341445
0.5600000023841858  0.6000000238418579  0.0002882767437216341  0.0006638490032341445
0.6000000238418579  0.6399999856948853  -0.000439799116279686  0.0006696519566008508
0.6399999856948853  0.6800000071525574  -0.00017591938437131407  0.0006520902423715418
0.6800000071525574  0.7200000286102295  -0.0002638790765569711  0.0006579958902953511
0.7200000286102295  0.7599999904632568  -0.0001759196465118744  0.0006520912140626498
0.7599999904632568  0.800000011920929  0.0002003170515359771  0.0006696509587422112
0.800000011920929  0.8399999737739563  0.0005129922268398504  0.0011632016847672028
0.8399999737739563  0.8799999952316284  0.0004885937952576112  0.0009429357908359032
0.8799999952316284  0.9200000166893005  0.0017688248201861358  0.0013071433143439551
0.9200000166893005  0.9599999785423279  0.0003762369965438036  0.0006579968707865687
0.9599999785423279           1.0  0.0014805480764645015  0.001126023154797064
         1.0  1.0399999618530273  0.0003762369965438036  0.0006579968707865687
1.0399999618530273  1.0800000429153442  -8.795956111576746e-05  0.0006461296561439028
1.0800000429153442  1.1200000047683716  0.00020031735003192924  0.0006696519566008508
1.1200000047683716  1.159999966621399  0.0002882771732878664  0.0006638499924471883
1.159999966621399  1.2000000476837158  0.001592903062205565  0.0013130469606744085
1.2000000476837158  1.2400000095367432  0.0009283936395994816  0.0009221962388317366
1.2400000095367432  1.2799999713897705  0.0027607832152783903  0.0014447941392296776
1.2799999713897705  1.3200000524520874  0.0021450580597095494  0.001463412400345487
1.3200000524520874  1.3600000143051147  0.0002882771732878664  0.0006638499924471883
1.3600000143051147  1.399999976158142           0.0  0.0006401164663116152
1.399999976158142  1.440000057220459  0.0019935365682873943  0.0016189362128159975
1.440000057220459  1.4800000190734863  9.630990824281665e-06  0.0013650521405727813
1.4800000190734863  1.5199999809265137  0.002418574913078923  0.001995431074545954
1.5199999809265137  1.559999942779541  0.0006009520500957877  0.0011598712122205823
1.559999942779541  1.600000023841858  -8.795956111576746e-05  0.0006461296561439028
1.600000023841858  1.6399999856948853  0.0017444297524229714  0.001115670709638036
1.6399999856948853  1.6799999475479126  0.0022086265722227123  0.0012922631635243417
1.6799999475479126  1.7200000286102295  0.004881435416420092  0.0019403836417908242
1.7200000286102295  1.7599999904632568  0.007818152826035429  0.0024160023515716147
1.7599999904632568  1.7999999523162842  0.0016808676326870889  0.0013101013956351752
1.7999999523162842  1.840000033378601  0.005233273660883162  0.0019323925946253021
1.840000033378601  1.8799999952316284  0.0038650965013897467  0.0017095034795675014
1.8799999952316284  1.9199999570846558  0.0006401164663116152  0.0006401164663116152
1.9199999570846558  1.9600000381469729  0.0006401145586197482  0.0006401145586197482
1.9600000381469729           2.0  0.0022086265722227245  0.001292263163524349
         2.0  2.0399999618530273  0.001568510105911097  0.0011225840696173584
2.0399999618530273  2.0799999237060547  0.0018323895756789084  0.0011121979148681332
2.0799999237060547  2.119999885559082           0.0  0.0006401164663116152
2.119999885559082  2.1600000858306885  -8.79592989771602e-05  0.0006461277305371123
2.1600000858306885  2.200000047683716  0.0004641968197997408  0.0006520912140626498
2.200000047683716  2.240000009536743  0.001568510105911097  0.0011225840696173584
2.240000009536743  2.2799999713897705  0.0009283936395994816  0.0009221962388317366
2.2799999713897705  2.319999933242798           0.0  0.0006401164663116152
2.319999933242798  2.359999895095825  0.0013046306361432854  0.0011328750084984298
2.359999895095825  2.4000000953674316  0.003576798008704074  0.0015753335361708561
2.4000000953674316  2.440000057220459  0.0011922731093672932  0.0009095246623339877
2.440000057220459  2.4800000190734863  0.0005521566430556781  0.0006461315817621709
2.4800000190734863  2.5199999809265137           0.0  0.0006401164663116152
2.5199999809265137  2.559999942779541  -8.795982325593721e-05  0.0006461315817621709
2.559999942779541  2.5999999046325684  0.0006401164663116152  0.0006401164663116152
2.5999999046325684  2.640000104904175  -0.0001759185979543204  0.0006520873273155925
2.640000104904175  2.680000066757202  0.0006401164663116152  0.0006401164663116152
2.680000066757202  2.7200000286102295  0.0034008996815900056  0.0015802465615199716
2.7200000286102295  2.759999990463257  0.0020327069257108374  0.001298236474921411
2.759999990463257  2.799999952316284  -8.795982325593721e-05  0.0006461315817621709
2.799999952316284  2.8399999141693115           0.0  0.0006401164663116152
2.8399999141693115  2.880000114440918           0.0  0.0006401126509392591
2.880000114440918  2.9200000762939458           0.0  0.0006401164663116082
2.9200000762939458  2.9600000381469727  0.0006401164663116223  0.0006401164663116223
2.9600000381469727           3.0  0.0003762369965438036  0.0006579968707865687
         3.0  3.0399999618530273  0.002936702861790265  0.0014394291381440052
3.0399999618530273  3.0799999237060547  -8.795982325593721e-05  0.0006461315817621709
3.0799999237060547  3.119999885559082  0.0004641968197997408  0.0006520912140626498
3.119999885559082  3.1600000858306885  0.0018323786538406168  0.0011121912856851606
3.1600000858306885  3.200000047683716  0.0024725060419905237  0.0012832510636193888
3.200000047683716  3.240000009536743  0.0011922731093672932  0.0009095246623339877
3.240000009536743  3.2799999713897705  0.0012802329326232305  0.0009052613881562268
3.2799999713897705  3.319999933242798  0.0011043132861113562  0.0009137680460056426
3.319999933242798  3.359999895095825  0.0012802329326232305  0.0009052613881562268
3.359999895095825  3.4000000953674316  0.001192266002901358  0.000909519241171689
3.4000000953674316  3.440000057220459  0.0006401164663116152  0.0006401164663116152
3.440000057220459  3.4800000190734863  -8.795982325593721e-05  0.0006461315817621709
3.4800000190734863  3.5199999809265137  0.0006401164663116152  0.0006401164663116152
3.5199999809265137  3.559999942779541  0.003112622508302139  0.0014340440658234886
3.559999942779541  3.5999999046325684  0.005585128550292662  0.0019243740995460979
3.5999999046325684  3.640000104904175           0.0  0.0006401126509392591
3.640000104904175  3.680000066757202  0.0038406987978696914  0.001567958718416915
3.680000066757202  3.7200000286102295  0.007593437772483445  0.0022191723718148725
3.7200000286102295  3.759999990463257  0.003112622508302139  0.0014340440658234886
3.759999990463257  3.799999952316284  0.003664779151357817  0.001572885375249591
3.799999952316284  3.8399999141693115  0.0018323895756789084  0.0011121979148681332
3.8399999141693115  3.8800001144409175  0.0006401126509392662  0.0006401126509392662
3.8800001144409175  3.9200000762939458  0.0019203493989348032  0.0011087142424131445
3.9200000762939458  3.9600000381469727  0.0012802329326232445  0.0009052613881562367
3.9600000381469727           4.0  0.0006401164663116152  0.0006401164663116152
         4.0  4.039999961853027  0.004480815264181306  0.001693588979977989
4.039999961853027  4.079999923706055  0.003664779151357817  0.001572885375249591
4.079999923706055  4.119999885559082  0.0005521566430556781  0.0006461315817621709
4.119999885559082  4.159999847412109  0.0018323895756789084  0.0011121979148681332
4.159999847412109  4.199999809265137  0.0012802329326232305  0.0009052613881562268
4.199999809265137  4.239999771118164  0.0012802329326232305  0.0009052613881562268
4.239999771118164  4.28000020980835  0.0012802176712247704  0.0009052505967178852
4.28000020980835  4.320000171661377           0.0  0.0006401164663116152
4.320000171661377  4.360000133514404  0.00357681932810188  0.0015753429258993934
4.360000133514404  4.400000095367432  0.0018323895756789084  0.0011121979148681332
4.400000095367432  4.440000057220459  0.0018323895756789084  0.0011121979148681332
4.440000057220459  4.480000019073486  0.002296586395478649  0.0012892661297399866
4.480000019073486  4.519999980926514  0.0028487430385343276  0.0014421141335709908
4.519999980926514  4.559999942779541  0.0006401164663116152  0.0006401164663116152
4.559999942779541  4.599999904632568  0.0006401164663116152  0.0006401164663116152
4.599999904632568  4.639999866485596  0.005032971907236984  0.0018126581735267602
4.639999866485596  4.679999828338623           0.0  0.0006401164663116152
4.679999828338623  4.71999979019165  0.0019203493989348457  0.0011087142424131692
4.71999979019165  4.760000228881836  0.0025604353424495407  0.0012802176712247704
4.760000228881836  4.800000190734863  0.0018323895756789084  0.0011121979148681332
4.800000190734863  4.840000152587891  0.004945012083981047  0.001814791058100239
4.840000152587891  4.880000114440918  0.005032971907236984  0.0018126581735267602
4.880000114440918  4.920000076293945  0.0004641968197997408  0.0006520912140626498
4.920000076293945  4.960000038146973  0.006225245016604278  0.002028044566928233
4.960000038146973           5.0  0.0017444297524229714  0.001115670709638036
         5.0  5.039999961853027  0.0018323895756789084  0.0011121979148681332
5.039999961853027  5.079999923706055  0.0012802329326232305  0.0009052613881562268
5.079999923706055  5.119999885559082  0.0005521566430556781  0.0006461315817621709
5.119999885559082  5.159999847412109  0.0012802329326232305  0.0009052613881562268
5.159999847412109  5.199999809265137  0.0005521566430556781  0.0006461315817621709
5.199999809265137  5.239999771118164  0.00695332130617183  0.0021248475063832648
5.239999771118164  5.28000020980835  0.0025604353424495407  0.0012802176712247704
5.28000020980835  5.320000171661377  0.0019203493989348457  0.0011087142424131692
5.320000171661377  5.360000133514404  0.003752738974613754  0.001570423978792616
5.360000133514404  5.400000095367432  0.0068653614829158926  0.002126667311990851
5.400000095367432  5.440000057220459  0.003752738974613754  0.001570423978792616
5.440000057220459  5.480000019073486  0.0018323895756789084  0.0011121979148681332
5.480000019073486  5.519999980926514  0.004304895617669432  0.0016981511988387007
5.519999980926514  5.55999994277954  0.0019203493989348886  0.001108714242413194
5.55999994277954  5.599999904632568  0.00311262250830207  0.0014340440658234567
5.599999904632568  5.639999866485597           0.0  0.000640116466311601
5.639999866485597  5.679999828338623  0.001280232932623259  0.0009052613881562469
5.679999828338623  5.71999979019165  0.004480815264181306  0.001693588979977989
5.71999979019165  5.760000228881836  0.0031125854033572926  0.0014340269708735462
5.760000228881836  5.800000190734863  0.0017444297524229714  0.001115670709638036
5.800000190734863  5.8400001525878915  0.0019203493989348032  0.0011087142424131445
5.8400001525878915  5.880000114440918  0.0019203493989348886  0.001108714242413194
5.880000114440918  5.920000076293945  0.0056730883735486  0.0019223628025158619
5.920000076293945  5.960000038146972  0.004392855440925467  0.0016958716235641862
5.960000038146972           6.0  0.007417518125971407  0.0022226560410555335
         6.0  6.039999961853027  0.0012802329326232305  0.0009052613881562268
6.039999961853027  6.079999923706055  0.0018323895756789084  0.0011121979148681332
6.079999923706055  6.119999885559082  0.003200582331558076  0.0014313439321897259
6.119999885559082  6.159999847412109  0.003200582331558076  0.0014313439321897259
6.159999847412109  6.199999809265137  0.0024725060419905237  0.0012832510636193888
6.199999809265137  6.239999771118164  0.009977983991218032  0.0025649943934858716
6.239999771118164  6.28000020980835  0.007969579764142474  0.0023146399639615073
6.28000020980835  6.320000171661377  0.01922789169286851  0.0035716075256516993
6.320000171661377  6.360000133514404  0.031214184906277326  0.0045339923794298995
6.360000133514404  6.400000095367432  0.04512082751862098  0.005439397094117578
6.400000095367432  6.440000057220459  0.04410447405576557  0.005361374056628261
6.440000057220459  6.480000019073486  0.0287416788642868  0.004348603638462364
6.480000019073486  6.519999980926514  0.027725325401431387  0.004250605207736884
6.519999980926514  6.559999942779541  0.009425827348162354  0.002482279238454745
6.559999942779541  6.599999904632568  0.00357681932810188  0.0015753429258993934
6.599999904632568  6.639999866485596  0.008697751058594801  0.002399937094535483
6.639999866485596  6.679999828338623  0.0048570522607251105  0.00181692143888166
6.679999828338623  6.71999979019165  0.0057610481968045375  0.0019203493989348457
6.71999979019165  6.760000228881836  0.006313129581419219  0.002026112030549638
6.760000228881836  6.800000190734863  0.002560465865246461  0.0012802329326232305
6.800000190734863  6.840000152587891  0.0030246626850462016  0.0014367391249739034
6.840000152587891  6.880000114440918  0.001656469929167034  0.0011191327279869241
6.880000114440918  6.920000076293945  0.0023845462187345864  0.0012862621127855349
6.920000076293945  6.960000038146973  0.003752738974613754  0.001570423978792616
6.960000038146973           7.0  0.002936702861790265  0.0014394291381440052
         7.0  7.039999961853027  0.0019203493989348457  0.0011087142424131692
7.039999961853027  7.079999923706056  0.0017444297524229326  0.0011156707096380114
7.079999923706056  7.119999885559082  0.0024725060419905787  0.0012832510636194175
7.119999885559082  7.159999847412109  0.0019203493989348457  0.0011087142424131692
7.159999847412109  7.199999809265137  -8.795982325593721e-05  0.0006461315817621709
7.199999809265137  7.239999771118164  0.0006401164663116152  0.0006401164663116152
7.239999771118164  7.28000020980835           0.0  0.0006401088356123852
7.28000020980835  7.320000171661377  0.0006401164663116152  0.0006401164663116152
7.320000171661377  7.360000133514404           0.0  0.0006401164663116152
7.360000133514404  7.400000095367431           0.0  0.0006401164663116295
7.400000095367431  7.440000057220459  0.0017444297524229326  0.0011156707096380114
7.440000057220459  7.480000019073485  0.0019203493989348886  0.001108714242413194
7.480000019073485  7.519999980926514  0.000640116466311601  0.000640116466311601
7.519999980926514  7.559999942779541  0.0005521566430556781  0.0006461315817621709
7.559999942779541  7.599999904632568           0.0  0.0006401164663116152
7.599999904632568  7.639999866485596  0.0012802329326232305  0.0009052613881562268
7.639999866485596  7.679999828338623           0.0  0.0006401164663116152
7.679999828338623  7.71999979019165  0.0011922731093672932  0.0009095246623339877
7.71999979019165  7.760000228881835  0.0006401088356123994  0.0006401088356123994
7.760000228881835  7.800000190734863  0.003200582331558005  0.001431343932189694
7.800000190734863  7.8400001525878915           0.0  0.000640116466311601
7.8400001525878915  7.880000114440919  -8.795982325593721e-05  0.0006461315817621709
7.880000114440919  7.920000076293945           0.0  0.0006401164663116295
7.920000076293945  7.960000038146973  0.0011922731093672932  0.0009095246623339877
7.960000038146973           8.0  0.002296586395478649  0.0012892661297399866
         8.0  8.039999961853027  0.0006401164663116152  0.0006401164663116152
8.039999961853027  8.079999923706055  0.001656469929167034  0.0011191327279869241
8.079999923706055  8.119999885559082  0.0030246626850462016  0.0014367391249739034
8.119999885559082  8.159999847412109           0.0  0.0006401164663116152
8.159999847412109  8.199999809265137  0.0012802329326232305  0.0009052613881562268
8.199999809265137  8.239999771118164  0.0011043132861113562  0.0009137680460056426
8.239999771118164  8.279999732971191  0.0012802329326232305  0.0009052613881562268
8.279999732971191  8.319999694824219           0.0  0.0006401164663116152
8.319999694824219  8.359999656677246  0.0018323895756789084  0.0011121979148681332
8.359999656677246  8.399999618530273  0.0005521566430556781  0.0006461315817621709
8.399999618530273  8.439999580383301  0.0005521566430556781  0.0006461315817621709
8.439999580383301  8.479999542236328  0.00020031735003192924  0.0006696519566008508
8.479999542236328  8.520000457763672  -8.795772617832763e-05  0.0006461161771373912
8.520000457763672  8.560000419616699  0.0006401164663116152  0.0006401164663116152
8.560000419616699  8.600000381469727  0.0005521566430556781  0.0006461315817621709
8.600000381469727  8.640000343322754  0.0012802329326232305  0.0009052613881562268
8.640000343322754  8.680000305175781  0.0012802329326232305  0.0009052613881562268
8.680000305175781  8.720000267028809  0.0010163534628554187  0.0009179918150006489
8.720000267028809  8.760000228881836           0.0  0.0006401164663116152
8.760000228881836  8.800000190734863  0.0006401164663116152  0.0006401164663116152
8.800000190734863  8.840000152587891  0.0019203493989348457  0.0011087142424131692
8.840000152587891  8.880000114440918  0.0005521566430556781  0.0006461315817621709
8.880000114440918  8.920000076293945  0.001656469929167034  0.0011191327279869241
8.920000076293945  8.960000038146973  0.0011043132861113562  0.0009137680460056426
8.960000038146973           9.0  0.0006401164663116152  0.0006401164663116152
         9.0  9.039999961853027  0.0012802329326232305  0.0009052613881562268
9.039999961853027  9.079999923706055  0.0005521566430556781  0.0006461315817621709
9.079999923706055  9.119999885559082  0.0012802329326232305  0.0009052613881562268
9.119999885559082  9.159999847412109  -8.795982325593721e-05  0.0006461315817621709
9.159999847412109  9.199999809265137           0.0  0.0006401164663116152
9.199999809265137  9.239999771118164           0.0  0.0006401164663116152
9.239999771118164  9.279999732971191  0.0006401164663116152  0.0006401164663116152
9.279999732971191  9.319999694824219  0.0005521566430556781  0.0006461315817621709
9.319999694824219  9.359999656677246  0.0004641968197997408  0.0006520912140626498
9.359999656677246  9.399999618530273  0.0005521566430556781  0.0006461315817621709
9.399999618530273  9.439999580383301  0.0006401164663116152  0.0006401164663116152
9.439999580383301  9.479999542236328           0.0  0.0006401164663116152
9.479999542236328  9.520000457763672           0.0  0.000640101205095081
9.520000457763672  9.560000419616699  -8.795982325593721e-05  0.0006461315817621709
9.560000419616699  9.600000381469727           0.0  0.0006401164663116152
9.600000381469727  9.640000343322754           0.0  0.0006401164663116152
9.640000343322754  9.680000305175781  -8.795982325593721e-05  0.0006461315817621709
9.680000305175781  9.720000267028809  -8.795982325593721e-05  0.0006461315817621709
9.720000267028809  9.760000228881836  0.0005521566430556781  0.0006461315817621709
9.760000228881836  9.800000190734863           0.0  0.0006401164663116152
9.800000190734863  9.840000152587891  0.0019203493989348457  0.0011087142424131692
9.840000152587891  9.880000114440918  -8.795982325593721e-05  0.0006461315817621709
9.880000114440918  9.920000076293945  0.0006401164663116152  0.0006401164663116152
9.920000076293945  9.960000038146973           0.0  0.0006401164663116152
9.960000038146973          10.0           0.0  0.0006401164663116152
